44304399
98942734
125609203
142174598
137954170
27818260
133059461
80307425
29656460
142110249
126646033
136569182
104414960
136226298
109431276
141788723
82567705
44026968
143000693
50706108
94353331
58738828
143495396
127569729
48817695
54126664
13975928
141516237
32897661
143115968
141442195
140467822
141686597
45307487
8218704
116272311
135305891
143235760
135949303
124014995
1213967
7695080
111953850
97563303
136707715
141025871
67195692
109811277
55830698
136109672
74411596
11409889
121340830
122165554
138504781
143497875
126106420
62390086
113790205
22979859
136576459
30969202
135707636
143173559
59861701
141083617
109061371
69900972
107821215
86660414
101519328
117374206
96704283
79088016
140129319
31720202
143243672
142631673
11974248
114738390
102601564
52872874
143492391
139420445
65657219
23178298
63716098
84213003
142360778
99873647
143214811
139682412
142165872
104717387
49601973
143244483
142919156
142150233
127886761
2342141
141939510
122974378
134485245
38683611
143453248
135514760
13027557
142545839
104943882
143491847
103915577
82486210
132896873
139717787
143321793
133061551
60887687
142652186
57831920
143279855
106171686
76897744
125156911
93509282
121450623
142347402
28179385
143453545
142799235
81726713
136822560
21046000
142292819
143489353
142992854
143498569
69251582
48808250
131905309
133869410
55439386
30969202
107154193
31331951
38013776
120805010
53289742
46636834
9030261
105851990
18921846
6649528
143484017
4390680
143491677
143169799
143130152
42353491
131580624
100275104
87646587
130564854
114707435
107643819
143008941
24235242
19944206
142279484
86283607
102756980
60846753
143305607
44648067
129902647
67579232
72761455
143452798
38031333
131340198
110755477
123385448
143495448
142514791
143090002
133599792
38774086
138896372
136109672
118374568
94458982
128418357
93333590
15807944
143144973
138898516
74050379
86804133
6200941
14930492
77612188
42145539
60715324
77178723
52896436
129384197
90862874
133106616
128183115
21845593
56257090
138676881
121470765
27421089
69753554
139433022
137575556
126788353
141576678
63877125
69298608
141188928
133214009
134675016
143293130
137976204
140403088
128008631
106651048
130549995
37866956
19168499
93053452
142666946
27421089
2032880
142636240
16207493
59004559
142587256
129734939
120614595
136435902
98598211
93065131
135468759
116613842
27348196
50813120
92519500
94270654
77359447
5647311
77678327
5108418
18669313
92713745
139956853
35479434
30969202
26558882
134493418
80535096
143094183
27421089
139862172
82410900
81538757
143498418
143498461
56171615
67408115
95097094
38171275
133258355
119850186
40801272
43306752
17655291
134497433
79598546
143484663
127283558
114881850
3654361
35339790
119140971
5138551
77500517
1743455
140425029
83703980
76077702
15131184
55313522
23881627
78869353
125412684
4862813
142872783
35965568
143490514
35185697
143486418
59523437
137218366
1663365
122511562
16225423
95726735
77612810
143420194
108992903
95959989
136937028
95396727
93373188
9663610
27421089
16100702
134738799
75205987
122921542
42875530
61714877
125232705
124611368
124323323
3656676
54408928
120323087
42134151
142493645
128317685
67250868
99051465
92315589
67408115
143364299
136224904
23160672
18028242
84713557
81154115
97380485
26161653
54445469
143240065
67408115
59070610
116682755
143484371
133626052
674443
99856779
70584804
122858515
142528651
27243023
45804244
21794903
137950150
143496040
138774096
99108065
143034255
27926889
116138103
120116569
140823747
141572439
26505209
126774059
143479447
81861897
140811546
69683300
75773463
124608709
39709267
17878353
141255414
143498576
128248237
141766004
100556022
136147460
46704028
86447826
79580737
90062624
143390523
83751528
52912688
71622401
136828890
130789713
74051572
91070600
127924255
143301950
126273356
110631277
143496027
112926076
70544281
21871790
143322748
110607460
19032005
94058279
138318376
18772293
111678042
113986741
124491488
75349966
140634368
142933201
142932536
109346649
108627249
3635724
49283974
112128591
117248386
82423532
121870221
143347299
136878253
100956631
135036695
56153082
134126728
100398439
27421089
139906714
48003596
107080102
127833109
7905833
1557675
143210008
17657262
29227781
62450671
114276036
140689495
138321853
72663062
140813768
4394421
118923060
132591498
132920221
79020943
133491516
112301392
26476044
104918247
37297671
123408574
134738466
38540627
81283578
137786003
110922537
112045936
132818026
51171
107563583
67408115
100430239
579403
83836195
56989891
109111245
119327551
108052182
83337423
118450218
135494910
88294210
113234309
46659536
143204552
142084951
5139127
25773042
137329626
139754892
131934608
42258986
141129555
141719628
133530823
72423551
143498268
116344672
137962259
102311402
127924255
11160456
143497197
134958222
21906595
143104297
122508369
138326753
98697827
43364149
24937023
72335001
142368566
57370251
2987779
115384897
4390680
37721422
99422717
120623046
49430457
12940587
142948797
44451091
84302840
12263634
124298250
108883135
69251582
135967646
140669849
100666004
128317685
83125516
26884823
53468149
20736609
135180127
17334430
114998977
118193843
143123645
23038988
138548550
135467721
90652169
31280081
124633906
138585813
93521111
70368646
135673257
59361486
139776275
132038511
141207636
10558511
121716251
69124882
4860023
40388527
114342553
134941490
91301897
115862746
91771813
122585955
33851759
11651039
59870414
242720
138820343
28186332
125412684
129102012
122411434
109430265
67635639
65837191
79460252
7243635
104782134
142748660
109359926
110478355
13268115
143498602
49648496
109374471
140336467
43502081
83681325
126090906
137172665
143123260
32718391
2161327
134493418
143483049
116917698
143244483
139433729
26369167
139616054
120587274
78989676
56541651
122671665
123820825
33853786
114210475
3843937
125561326
142876494
5339242
126104978
138900557
350839
141200422
143099291
137429376
88009548
143331977
135973164
98697827
114881850
117211849
99118030
63877125
30969202
113718672
135673257
99684141
142231159
88841768
114166950
38031333
3847742
126646033
141688355
135419183
142260219
45288038
142150233
30969202
136087657
110826474
143237593
137924105
141483032
37667360
100720914
28373161
50435836
140627857
63035159
63877125
69753554
113901374
139368862
81549037
138924178
91306388
136354144
138119240
58470253
131321113
11632738
46620636
45284254
128497365
549397
137393824
84259269
62216770
17779667
134675016
113730780
29099002
132877725
138682195
137252316
93422666
76190551
143467701
102033314
29693540
134805314
98329551
141553492
5503382
143397001
64685330
102092886
140158903
122383215
124505946
114738390
137557722
106880240
48990030
41976222
90144218
142307088
123258351
140354008
142290811
103775137
105750039
8212980
27129113
136724037
22842241
52922879
127049293
133277254
142223490
143366323
57214300
44611203
140631587
69749434
98091208
142861658
102036601
74853507
63877125
128317685
134268370
95694813
133581706
109522170
126646033
12579104
102467810
121558110
116082373
7304999
135934770
105777688
82702702
142279484
121894959
140246320
128200953
135716938
132653478
91420878
9784916
137444590
77685317
139391008
143043112
84659559
93504612
133894085
39307400
118689513
97713592
52049687
53512616
118139003
23586927
55136712
13965606
55864360
31049719
56157423
119065051
142232696
134095373
142179481
736830
4865157
42201337
108535373
112394264
139878734
134540095
2193003
32082325
87652409
107178701
70195565
143055864
89597090
122650945
67055319
59172854
143493434
49592167
142839797
131812378
66643477
115800753
43644765
1524345
98697827
56907613
130850094
137882786
140353574
99479696
24887386
128120907
137420923
135435627
10833668
17992383
141307684
120219749
122972184
143420194
63877125
143473839
111710282
29407894
25858040
121812858
132795596
104307906
51601594
69290819
142624429
135988974
110617950
129888385
44929972
97380485
125468252
45007235
103493775
131425940
138370235
142368566
33494860
137483602
93305952
93053452
21928422
52912688
81731914
143496143
127376367
126561612
33318095
29400065
41382860
63085247
136864246
308693
72119341
15251496
77413990
18807266
133310692
6036547
122162788
133106616
128818623
98697827
48465367
7655986
16338595
10347134
138641614
11832323
125638151
39415666
142852303
44002369
141696875
143283412
122332446
103522712
16043816
129634446
57407002
18203121
136021067
60387096
143263442
45373416
143494940
143011082
143496422
142003952
98239133
128317685
128317685
138295121
20866370
81014151
53589350
142321318
74411596
132829483
122165554
45138310
18343707
128917557
135429312
45088445
126144179
141625178
65382495
104009095
108047981
3126609
114068591
61266888
126621343
143480795
20321583
89740889
137429376
106941582
45926261
131066046
90776161
136872785
13901359
142565650
136289284
56016463
87639358
24887386
105667586
18876758
14134094
24279900
141888203
128317685
38478614
35852900
25410405
57753013
41776931
122858515
139471571
25556922
127423220
137905273
134821102
129188894
137628646
143071372
5545236
44285335
128885033
134903000
20608239
139754892
128128148
142909120
138609222
42419045
1120771
143339279
9436529
53589350
55987519
133555526
137742971
140359882
54408928
4461131
82689631
11633690
6810252
122598538
136983426
114881850
83647300
80307425
142185954
139533356
141013666
118942297
12837318
130897304
143176119
142910750
142439220
22527539
143497945
14585794
130969422
33481147
142699656
116935401
143492817
54894895
3315906
109878111
77811321
143260421
102062829
21928422
143479278
131823769
103477061
77678327
135488087
95323563
103206890
117491232
131159014
142936497
123595986
139717787
102835222
90263704
82152279
45804244
108052182
17326271
47432879
143480817
110850141
122201063
141726910
56235524
143481656
21906539
77375834
88780596
72079880
113738098
14767422
3828322
71307461
79356525
59278758
29225812
97225530
140400406
3656676
122768079
1804751
85579757
33819819
142516739
2245605
8641865
142595035
134367578
14628136
45321720
2955141
139230849
141872278
51858641
65140024
42428143
5651868
93625410
140187579
14964566
133925011
140752573
136711070
96259481
33041502
109796823
131492624
131710059
133336723
130438738
91630631
123294044
75563679
48492828
141094306
99797570
73560774
9367023
137461087
7413293
33055258
25100976
72041522
70061915
135247986
123115540
125329044
43296569
123851360
118374568
72057249
57
4390680
142909723
113439829
143489256
75692197
88263905
107400330
136659191
109460569
9393517
134675016
141655711
20607384
130382879
114247629
118295481
134233084
26505452
141333106
21466656
141572439
142148387
47502047
143340665
41087498
135620874
139638090
142543728
113957532
13602233
81861897
84713557
31183715
124689308
96288935
61518675
4572374
47973891
15312888
142745796
140831505
120952698
133970053
132477556
242720
91669201
39092988
142905886
128892965
143316886
8641865
143429604
143491847
82288779
120361912
122585955
19168499
143410233
44620717
69753554
117340072
142771023
122994625
8641865
92986303
69125352
88474788
47775297
133565555
54448500
18172055
79754707
126242179
63793904
74108755
135180127
139596813
52912688
143489133
38031333
130833704
53790022
133229510
11014380
30556611
100179027
41841911
131711968
123765267
133526950
8016726
138965719
123057689
32928687
101108287
39535394
143181888
41841911
129346848
99432561
143015577
60423669
128354193
135398847
142015037
106170007
143498509
86689897
142937249
123751688
102276636
57990211
138140177
67539050
101065500
128235311
142875693
135157254
113148880
143496038
73398612
93491049
81519853
143494162
16210437
143181500
55753260
143461453
94054141
3656676
123176811
90990131
59537483
133275267
106715764
4467171
142756546
53936275
64127254
142626580
87137432
5556533
142976940
60846753
134738466
70585165
142488951
50780832
10730315
97689241
132552687
61868897
90972750
37412974
38439354
12377257
130197715
112512118
79598546
130290884
119660981
111823004
141397709
71510912
75439327
141775602
59355693
29238235
112472932
17298255
82137304
27539545
132561888
5647311
143407533
142995734
30754274
123295643
143446077
26489446
44812018
140627857
117336513
20462653
3361660
87700412
143244483
2467425
141179573
3340266
124339444
25915435
137231071
140138647
39307400
123854053
142279484
1456037
122214759
4725272
110990907
119076940
22596149
74231063
56269164
118683738
57081784
1360807
38683611
52273382
24698175
69753554
46769212
76664110
143498612
128850984
124171527
136917736
62390086
11508979
4860023
41841911
138191010
102167268
143463763
140336467
141200422
114385781
140859269
27252575
38144979
134838727
121450623
143496973
141180008
3656676
5315321
128334516
111941462
28648448
135829695
143481558
97380485
142464516
27122218
139337787
115383138
142008947
86176565
53589350
80307425
79756660
143498576
102293783
60387096
54568165
10225972
43936368
14803366
29677309
118176510
72271117
108627249
143482285
2193003
140717485
60908738
142440118
139946433
114881850
33713252
136266149
49806388
16207493
118545729
141434552
82679562
8218704
105663725
142295192
98110076
7271493
137295711
92789981
2959817
4493559
110793656
44929972
139858702
2138103
7493875
75384975
89893209
57713532
125546264
105596947
107993040
4211406
48543340
130765793
74815725
143260821
26823195
112403916
35409917
79007638
11194288
141815603
142885873
120116569
56504737
136417841
142271035
141653765
140951637
90844980
20280614
143463238
10078188
16915393
138442080
134485245
35892036
124491488
5231743
34679141
68327620
48387235
121178981
108919608
7830958
93755039
49962733
142735186
21794903
53589350
19809361
134204924
83546018
58234789
54408928
116704325
143493320
134221087
66303022
42419045
122824425
98226109
143420194
33228991
109184848
113755903
142546113
85683016
96928022
46142505
112962299
143492391
60273508
122511562
112394264
61444133
21627093
130954625
141200422
133470947
1427118
77545047
37103716
140676613
15793413
136309340
139655292
46384068
142099401
7739855
119812665
110922537
123382127
59684710
129824667
66076902
21906595
135914523
89353691
140308668
100636667
9359697
118351142
142441788
32629700
141283506
103960811
7534846
133031858
87129434
57723511
134413641
136324134
139717787
77678327
31448873
142320257
53809879
141439314
1330788
93053452
135137857
103254784
143034493
97286883
134844060
42303885
137194691
66505174
104414960
45804244
58898154
16208737
72663062
143491947
34380530
143473985
14681159
137976628
41714221
48543340
115719510
141200422
142307720
143137059
6810252
7114582
142831967
120102865
141331757
137554571
100606243
92686996
6100163
19695314
79088016
54127993
102431370
130110808
86108056
74609969
62656727
53589350
118997568
54317460
118298363
109620624
133664730
135988974
139682412
58902877
133598653
126936623
9007117
7599931
134675016
45204475
14044236
135448879
123292962
67277438
35185697
69900972
14615016
129817748
2637646
60634397
17334430
140943987
85431140
121336529
142185954
11083540
15073751
19033297
107642901
32082325
10775614
38462739
38031333
132816082
95959989
141572439
143090002
12015476
95726735
79103017
141880352
136206204
45007235
141477704
86207508
40463889
143497668
46480134
100760463
90763445
100700094
44728987
143490359
74363526
55566149
43979598
35101480
131321113
123820825
137729220
141362737
25121899
31140990
86773366
55598538
46163860
125412684
139616054
114810359
39258395
122858515
142370433
113790205
121739442
141605296
128685077
15002191
70390702
11121639
31681886
142839797
97713592
48543340
37563504
124042417
141836770
137034049
140813768
131353843
25667207
65808756
122279331
143498121
31785178
45835481
110064985
138824189
143486203
101499169
37486622
112962299
10492450
117672904
12698285
32392638
135659153
35206507
140669849
143498627
37721422
138920508
135658674
140985325
45007235
140284065
57320158
3656676
137052386
143262110
143256654
1659919
105277364
69300592
127821254
123482024
139620082
132769993
28249113
39031921
142979131
3727244
121426399
105659561
107406948
137348789
58530685
104291721
139462018
123517922
30643295
17878353
137936741
55630671
2985676
131687772
101933914
61311374
71104845
140253666
131332502
25641214
70308788
85461236
3105192
138100016
93422666
143034123
142408398
141721320
138397079
78380167
113287835
77608738
110504903
135666406
25513562
143420194
136031028
33378736
142533784
1507408
105102099
141578271
71490696
143143741
6797687
32082325
111445235
24203631
97816759
140823747
143464234
141092624
18343707
74779329
143494787
100036401
50706108
79471995
138783593
121671872
30569471
142719293
101141453
19724810
119850186
137578057
142112724
66412387
143482770
3083327
81861897
143220247
120471349
143492586
99491491
131425940
99540607
96004041
126625699
138684580
135148518
48543340
142599879
3455476
114896354
43324410
139312285
137390277
143489551
142516780
110826474
128128148
79756660
108320755
81341365
18174760
77492040
143497932
122165554
143178166
114434989
97311903
143459613
10975994
4671404
29839241
38035019
106547300
139411497
12263634
99840624
113060844
74411596
120980374
102033314
136365372
62150145
44263446
125244425
65864469
140533069
105777688
143331977
143482988
143496027
31053114
41302074
35647916
111750474
142596375
8641865
123165013
108698208
88841768
141372277
46563411
141943256
59923062
138800976
136023683
6305829
67348965
141432068
97876495
19000033
70715939
141360018
126408146
65167083
48543340
109364682
35106431
47271121
67277438
91635261
103741146
93928596
125942494
133346077
40189737
106941582
90862874
119768690
21641481
31107098
80827389
101209033
6029735
143027827
334011
123385448
66319308
49345847
98968603
105340554
96451341
31733419
130549995
39163183
128663072
42928844
35450107
134493418
128121018
113931200
143471379
89740889
135981628
121894959
58872605
116209180
34605123
140644902
81341365
123937654
143393373
109726524
29400065
143496658
127622801
138800064
44400155
29238235
137264892
142461382
118939255
137533392
92415382
140465270
52039817
119812740
80869901
48651835
84823839
78437705
141015317
143492312
120968040
8641865
142573503
141980359
137378691
80128306
137545521
134675016
143497068
139870665
143457376
49962733
140354008
142424863
89814847
86304500
22563955
97577733
99884429
104399728
75588552
141952597
67125697
95890850
118231515
38942054
138242438
75393754
73786818
21794903
138030342
116882431
121660398
69624930
142986352
124460310
74231063
123093681
119030837
17747259
88182
5295191
29089708
125244425
104698974
23989950
143498653
57124823
143498648
59861701
92434651
142682943
143279855
108525976
46864224
77612810
49554605
119547806
137185172
67644705
107775136
126988093
133259554
116556168
111856112
2295991
141805340
7339461
114965510
142303514
51524245
143011082
71461543
104045893
68014298
7774660
26505209
48393586
143157485
132206586
509476
79214191
39307400
85468732
78976636
91994089
47352064
121642907
143338159
85241213
12231582
143491082
143115968
29407894
134983031
5402971
143207324
143475840
68745049
117672904
61546804
69753554
74106220
86605044
47094835
133235570
33137074
140618493
93816964
143417559
141442195
141200422
122855323
83175488
18876758
81341365
35195861
42149127
31275603
86898529
113148880
44620717
140298030
113148880
85632019
140138647
129312073
141092624
133449029
131371362
143244483
122534196
4862459
115799520
134877681
67640058
81171287
143070191
39709267
28172174
120317488
93709904
127036041
143104421
139522518
94609631
113051992
112204042
66739303
61082583
23226061
77010964
119850186
142218623
93305952
143323041
82796184
129594183
49535952
133095260
97647838
133259857
128128148
104079677
76850657
130407713
11407070
120155643
96966598
115449558
53543197
61562079
11407070
119456816
59278758
143486134
140627857
130765793
32609573
128803717
127622555
102311402
130686249
113146790
133925628
143493645
121556290
141972873
113148880
142267476
140798292
143497198
38031333
143495177
11149232
123082465
35185697
126238956
123408574
104733497
141939510
27729317
9093235
142605332
11407070
60628742
3690803
59573633
94622340
127281639
112375177
103522712
117127739
37153892
33425570
117662594
110473303
133630707
138667261
99432561
116545796
143198631
89195398
138522612
136364726
109076216
103185119
135988974
30102863
58047659
42816806
115877607
17965365
142937723
118646713
143375021
143335270
22970961
137512410
142795476
27129113
117672904
60907173
125609203
104182574
128250010
101794488
88780596
141308471
142747786
25633550
4082396
1890650
25556922
81549037
143483177
8625544
72157248
142915734
104025449
132205808
52887749
39635954
96955909
143420184
125456767
23783881
105856519
105737975
89033931
87731355
101198195
19168499
97579662
128250010
122364235
134943907
97845239
35236277
113148880
125236634
138599504
12756487
143173559
131062584
116624548
21662016
46876235
101953582
67579319
117412777
138965719
52523792
121565904
78151671
45804244
90652169
25390560
106715764
54374469
132456992
101834908
11451361
133336723
71841665
70843522
136424255
1953741
109024367
120491160
82882370
60402294
137190613
143348936
139584888
120952698
56907613
143488800
129677757
91601036
134841940
143269861
53508930
133970053
36746851
11407070
32082325
136289304
12880814
136472572
63156894
12738347
98684544
29656460
121857370
139633816
115648774
18877439
137574590
133626052
13975928
60331004
127568172
69248830
126393367
64714956
66983502
6810252
107879548
17588608
135934770
62235942
126128874
67392720
67206577
126978105
81885108
122572926
123103294
7705672
123509721
122585264
6441112
64619168
47830863
6380017
101016294
132653478
99432561
129902647
22028522
134451636
108693528
143349851
42951494
137195734
143497023
111915554
84207303
105450929
141092624
41880280
143241200
126572719
110888066
105750039
3340266
41935172
46807023
109111245
130765793
17657262
105484672
62241997
98498377
143489551
74755969
30623864
143130657
142992854
13442820
38000940
136359030
139717787
134958222
119235318
140336467
143495721
95713870
127162010
139721327
143420194
67454300
143498558
10811226
142772845
52912688
125225089
137450009
3625714
47549492
131916399
143494953
61325178
82459928
111215553
119850186
455104
8994037
115764434
9366824
111750474
28136441
15035395
66792195
130369384
143162055
39212613
22524970
117510270
142830543
142827038
140138647
120952698
142981360
340462
53411766
7413293
138494655
21493095
76897744
78651684
101209033
119076677
143454046
90862874
124499045
115609028
141188928
32239067
51506791
133908217
73697201
20608239
24877023
142129510
30899643
141203495
143489588
1985688
140627487
82567705
6194047
54670511
141473306
118939255
38012721
102610870
138690826
141684560
19898276
113619758
143037159
123649289
107806454
127543846
52018730
123165841
6579556
85398124
736830
87632850
128390145
126882018
122965206
126119878
142350394
122511562
93305952
58047659
132877725
83337423
78248231
137429376
19289053
139054535
25915435
143047985
135398847
138066514
112184118
123355536
20206614
64670789
143498134
20498966
140403088
135416680
143243672
21794903
31150650
86256368
86111273
11213958
142839797
5295290
37097808
142340171
3424540
107004381
31780550
121233706
90568930
122858515
136822560
122964371
116138103
26198125
60402294
12216370
95475710
33163028
143496744
674443
114706623
136654032
15015992
143462606
4390680
143282564
111061800
38095572
127612242
143491637
70768324
30495168
57490335
141572439
122671665
134535903
30980971
105870613
143496157
60402294
134268370
124246629
42026566
8749277
7299629
14702865
136309340
8256599
87484768
143493323
19031451
114073892
130764853
112171925
14287321
98968603
128550349
58047659
119273163
64112887
52153705
143467032
123854053
138903030
141849480
27827709
50961220
4415583
143419418
62087881
9281537
19232826
110176099
140993979
129188979
73560774
120921403
93826810
89597090
33481147
77961563
90625832
74231063
18196987
139013274
24356115
85710330
122349412
132972525
143497197
141042787
56935696
57294152
129516828
142920879
140635370
116788065
66228730
17334430
4391611
102875731
118365031
143497555
110204597
123371864
89445647
142424863
109431276
96287805
138730043
115797399
49755842
43771479
140075490
140520756
140304106
29227781
143446873
139420445
28275834
56935696
143491847
142461382
121902671
140394140
122823160
44765391
116272311
143152998
108842615
19940424
109878111
47360265
106338633
1599914
114276036
25724880
24512288
129720133
134268370
138253571
115684658
87388217
86033242
130882415
140138647
88588745
11867364
32103473
13214869
17829138
90990131
36700253
77612810
131321113
19093822
88038228
20607384
93240180
91306388
137355458
127886761
142790232
69248830
93626824
14584249
3005848
132456992
6601328
99684141
59070610
132951714
8515329
142233588
88841768
138347220
141292683
111729303
143420194
136279035
130016602
85965112
22338260
91925879
43168607
1958498
109717656
8024868
50770948
143438731
8554785
143487916
139931930
143413339
129621161
79477140
143492391
124491488
90862874
95097094
139925324
81341365
142668868
110333322
34380530
135152036
56935696
143448947
139014146
141497507
137985291
123820825
140465897
35849818
102407630
10225972
53242035
114635882
7662926
109045186
88009548
48027732
85608810
58792185
134268370
142272325
138412910
134948773
125412684
143261760
142291003
10554191
51826817
115874553
123916627
128125358
126926296
38825681
135180127
64801497
136167469
24557909
141193624
143494275
133006241
141147987
142172425
139436321
126047051
142624429
128706148
137595812
141603989
48205930
137523057
112773178
12589695
61503393
96952475
131711968
132931117
137219373
111988777
105845434
49060814
143267350
39672635
23394767
113835540
116935401
143470969
92362975
97571290
115862124
68014298
132591498
7433734
39307400
130728896
143492817
34870097
143244483
113627962
142367092
116974270
103054959
142223490
110323737
72663062
138688348
95959989
140674334
143012022
41696306
1142018
134958222
45804244
45373416
127918520
2613134
33318095
139873121
61500323
114267358
58496455
2392356
45007235
138817073
2121047
41945302
79087364
42155802
143321964
521235
142603493
127049293
104941425
84056378
75882268
142859484
139766684
16607432
107812823
10518462
1360807
21277062
141848490
142616392
12987470
89740889
75290621
40560674
67302187
138472545
16800458
119344948
33465808
139616054
136542085
112796684
35185697
131580624
143385742
64619168
688785
55909077
74208495
141891199
89106798
134675016
123165409
94270654
135180127
140353574
83726762
79088016
14295804
142054430
109687450
46659536
82720802
75542505
139369223
121751794
40472311
29252306
143104297
140627857
142290811
32897661
143498666
27167807
140673691
1731847
3424540
133221586
25345341
139956853
9069925
107433587
8646218
103440913
108059829
98764058
46997918
141572439
96598824
110791472
143007989
18425174
139531241
143490335
143495396
5021399
113078984
54448500
127423220
123751688
109271954
143416624
137060854
139467622
143363145
117335137
126285288
35339790
142357846
77238679
143414266
140138647
99974135
123854053
140551543
26558882
105743685
100673680
42258986
40657009
17231833
30495168
50518057
118374568
135157254
59509265
143440094
39212613
28964621
122831822
106482856
142745796
118685793
139633816
142529603
71478451
22306941
143496038
16952388
143494547
87137432
123281428
118268879
109522170
110478355
122474844
143487700
115363239
122612285
137223779
117340072
11494634
56935696
46912408
137943496
122983186
143315420
138043644
136469783
136600300
136576459
129513024
106639204
98237486
3847742
125241705
132591498
45706411
115228057
6810252
75563679
143411533
135410804
88770560
96076099
143483645
141700589
121722436
140199970
45007235
39709267
134268370
131425051
799075
75542505
3243958
105777688
65071917
9890720
5231743
37721422
12704396
54742174
133275267
990585
100610098
4390680
142724224
131425940
55739785
138911177
125412684
28275834
131759340
5954266
3770259
142004246
125468252
137396611
85974432
118344433
143178967
125344731
142854519
14588166
61738713
108251472
110631277
128354193
143494718
136289284
40984648
47450204
109615444
18876758
101788604
95320044
136175437
102907243
140376351
47923894
66183710
142896984
141719813
101984674
143487700
81861897
131302699
97008651
118939255
142003952
4294580
125892315
135400956
120288146
516752
71190802
46891611
107271018
129043556
136266149
17878353
118715087
64866076
143497668
59194944
122231048
131321113
54835820
128850984
142597750
14876871
138755088
138774096
140374088
76235131
135061725
112128591
113227144
60907173
134943630
62390086
8646218
9848523
125110770
104323558
36772465
97982034
86410810
59429104
34108227
139717787
143331977
11049190
33725405
140859269
143496027
21906539
135180127
4068314
143493694
29400065
136981710
140137914
89033931
108456690
141663531
73398612
36842288
110765960
100803225
93509282
142271111
104009095
1521775
142154514
93053452
142257817
52912688
6710508
139871921
32820317
139555771
142976940
142826597
121728649
117671664
42303885
143450009
142461382
139526159
18376255
141836286
121894959
74231063
142547257
13002334
103960811
142494422
74880390
122567155
143255533
137509535
1199343
27811245
142799923
33819819
90207082
139307621
32968624
124816636
103465830
110845615
142122564
96952475
49940486
3340266
143415597
30899643
131493578
99118030
140646320
38031333
66076902
79580737
95629485
40560674
71135912
109077695
28179385
78113673
56807934
113738098
143284379
892617
143238182
141897114
69209130
32349397
138423807
3243958
11225017
143492519
139946433
8016726
86523721
143418829
11790411
100863780
139642288
119063219
126937011
139585569
121291630
126047051
111290488
115531185
49987669
136316180
44803571
114223302
55133556
142165062
3466602
138522815
82892351
81942928
8218704
143220247
118540090
93491049
110793656
46022528
138609222
75542505
72584993
102145990
135037507
104845136
13972639
42378391
142292819
112017503
100905451
56143093
143420194
36978982
31448873
84509780
831482
54408928
139883967
3243958
10181790
141458956
110703912
60384907
34380530
141925654
89969057
117543642
47969753
137360351
106144163
139531241
137264892
51475162
126144179
91526847
31648599
143021617
143494012
78326918
125156911
100822358
20027998
139884037
143479447
47477974
138857730
130925235
81283578
4390680
96090697
113396750
140336467
79013061
143325639
115800836
86271946
8067255
143498696
78425613
99422717
99404791
121256032
143256654
3654318
110826474
122290772
33165263
123143980
39212613
2984487
34123533
142493645
64854744
6409919
58234789
119660981
140809913
82551669
108474939
34087632
21466656
142514791
33354357
142424863
37214400
87740061
141092624
44569054
138554000
29504008
109726524
26369167
142431487
10440907
120949014
123294044
120501270
143011082
85095447
43215309
143496973
106287136
13981730
38036805
44002369
140830812
97977222
28179385
25815546
19642061
69850775
57081784
72175300
63675654
133470668
22863269
142192143
43899164
2021998
100131705
143412584
134485245
92789981
107081458
87510155
47789599
35794739
118939255
14083443
141928270
124089957
137329626
105867154
143494940
133970053
56907613
74617238
104667207
84086430
107133942
110262301
44998587
87458234
46031275
143094415
140627857
42950089
55948188
31389135
45804244
125976381
97816759
21641481
134958222
8259647
71906190
104346258
143263442
113726161
131768167
138242438
72988011
118939255
23226061
37004220
142601765
7943758
109717656
141935615
82576412
98329551
137595812
132602305
133106616
10181790
64619168
58399496
139999454
3243958
71731057
74574295
111351200
135944227
139016220
135725736
62450671
128196152
100614308
140385013
10181790
128034550
132203343
7695080
92415382
118157143
121830093
68170634
117335137
72272650
97283376
20861109
3625714
17504790
136031028
140599820
1786336
24756424
19966437
53207377
143460606
35185697
130992378
132342286
142355794
49875567
13076422
124689308
8421754
140354008
42428143
141912344
98226109
133275267
20191716
135290305
49994061
122165554
125412684
83632630
141162580
79477140
47210076
92189680
142957052
134486205
37458997
46166834
141700589
143437572
131510148
129472844
1327773
135314284
86255281
98759180
143459158
133925011
28262359
140823747
81765212
130833704
143493434
133640064
25556922
52408906
42950089
93491049
93490453
40882682
138884786
141092624
105031637
131765567
143498303
142028039
135400956
142139423
29012741
136711070
141860494
132996308
17730813
109456372
76598872
85012219
44456526
48990030
133589805
143456767
122349412
94162334
80800389
139294137
128969207
126047051
143485059
127833109
90818898
128685077
98968603
1261554
117510463
142084951
112209918
137251972
86870376
2342141
70584804
32105075
29962679
49513275
122508369
106547300
54982547
142630757
27329538
87222215
40390151
130762023
143497668
33494860
132763836
18570272
130719994
55805489
3992331
133526950
141572439
130765793
52912688
83681325
140533069
10775614
61738713
141857242
74411596
61228349
36357817
4394421
11364601
137722338
21722543
127642117
34742151
125716303
138901954
133942995
33570428
142933541
113845083
87908993
120756613
108525976
143347299
127059946
105856519
51292876
143244483
139321927
21662016
19000033
44285335
136703518
80110542
18883217
57713532
127085563
100873466
93422666
143410233
104717387
143414344
143152069
135934770
3676471
143420194
94596019
3243958
106884944
67899615
69591341
28945221
64354348
67408115
3281197
105804268
106547300
121565904
34304716
134512360
122858515
140574413
143313701
134067625
90014876
30127623
32385832
143187519
8646218
8024868
15131184
34380530
137595812
123988525
120317488
143494011
14535142
142441566
139616054
39181579
69624930
76664110
139839641
111641765
133716475
143295884
134268370
130428705
101294136
10775614
2601495
142681836
142231159
142357846
142711628
136954887
99884429
90652169
3808593
101969023
107072933
3949415
62411108
133927982
85234210
2816671
81537229
55463398
20193565
139574229
55291634
82702702
101108287
77612810
106941582
14681159
48817695
109676316
45754803
10181790
143492391
143279855
47599860
27129113
116531649
108878740
117419004
143072013
3480861
24768397
141473306
129016089
112715218
1454973
66983502
6031628
7036750
141815113
105777688
116908179
7301069
92873536
110096386
12862949
16915393
58382262
37633068
140888187
106639204
137976794
108992903
112975134
123904730
116516423
86111273
10045911
11633690
140510038
4390680
85393541
2319582
107216192
8993823
102831805
142160068
134948773
68789877
127805877
94040
22333683
56888208
66319308
78248231
143468327
120046675
89911960
98943983
26969818
37804324
82930452
27355731
31738085
138326396
141434552
119076677
140635370
6978864
132778115
105052090
83696843
57756421
139946433
140669849
137324734
5038972
62376565
8646218
125943577
89740889
42816806
18883217
89353691
111505416
143151214
142565650
108047981
140591760
134887796
77780721
108668057
136724037
93491049
136324134
56002723
133539047
116922976
45872887
131601469
140666699
122858515
35573070
42724090
139937079
23264798
102311402
135693900
142909120
99548867
117496123
47725707
135469908
129646800
76897744
122858515
138791172
141432068
81861897
128481594
425357
39212613
55902117
86207508
11437136
39709267
86063334
94292035
122858515
117909661
100700094
124749495
93053452
143496422
142315091
23226061
37260740
141931402
25915435
140336467
89033931
142596375
142357846
122598538
135469908
10119897
142154514
51308033
143318788
60907173
46405863
122277236
737407
142595035
139544715
113208093
128492860
143269883
106417746
131403211
128627591
977163
143221312
64128320
32800878
110918209
120219749
18479413
111164759
86870376
112375177
143207835
143342324
137595812
109173949
135804965
143474503
110201461
134338841
122858515
138684580
61964326
142741850
45804244
112773178
142699656
2955141
47685069
21264235
37702248
8646218
54676794
125546264
7943758
93053452
20206614
143176119
133668805
132729561
138978678
54714892
89629336
86418058
93509282
120311901
104182574
142464516
138676881
136681931
83371461
81565397
142757395
134877681
124335489
73758715
43556789
93491049
68327620
143490514
103674104
43296443
101348808
132922318
116157930
140004098
42219493
85483721
42495333
80257460
143187519
34874628
79510593
61336169
120041478
2080566
53242035
40022707
125412684
6810252
88820568
44998587
103660821
92487352
143446393
94043468
75349966
125757474
123513683
143497326
135620604
82454296
99577960
58496455
56269164
20948345
143342324
2117154
3340266
81171287
15430504
32105075
82892351
143497563
9821238
20607384
58553934
28713268
105515354
138824189
132479188
22979859
93608834
131823769
141992184
142424863
44608096
99151734
61446801
98239133
54050576
93053452
28275834
121205601
133887044
84584071
34739310
141553492
109153014
143496027
24255507
127337451
66543176
39672635
87646844
20280614
135697224
135282373
37103716
85461236
93647693
55753260
142642265
72423551
139230921
136087657
103879574
93560532
78869353
2123758
137355458
128917557
18876758
142361492
129734939
52887749
89874603
29400065
96928022
132392221
121487260
126470964
143274544
141572439
42951494
36733032
10588022
141817335
86870376
103139913
107757971
33998824
123190280
88718884
143454046
85312235
1985688
46207823
133275267
143495413
143489304
111439134
55279551
101390516
16952388
100242343
94805175
133545899
20608239
123382127
142734084
110109585
102988375
4805742
143230179
11160456
121455198
143224105
42094889
99840624
62611610
140673691
11437136
143498720
131043138
47830863
14289034
143361244
58598916
141836770
69290819
106664774
141331338
131129889
93462067
86870376
50706108
70491346
117807211
40215434
143475370
137085754
70069246
1284793
142302536
106547300
143485719
109717656
139721327
130186929
96952475
141700589
141017263
2935545
5987793
96661794
3095096
35828208
137595812
116229843
736830
62568308
69591341
2161327
143268547
85161963
143489256
21159529
104467773
46405863
88009548
133095260
126990618
11194288
12794914
143331977
142533784
100805681
90369548
119191456
131337947
123851360
86870376
100702139
66707426
107923607
11437136
139195381
143402591
130647735
122008655
7100197
137729220
104729720
122279331
115827196
143368367
120317488
123281428
139895328
20456408
140740258
141034962
142028286
109312310
7271493
137423774
134566741
132816082
18627006
40713392
101969023
126158369
44607449
6100163
109580685
126950996
136722285
82576412
4682356
123384097
138076860
5406001
143187519
143420194
142179481
97452050
60273508
140718322
101071940
26468654
102110100
93762347
35553022
52273382
114431498
136470082
24756850
106675994
69730471
11767057
137965554
140374088
131621354
141939510
17878353
57990211
112472932
116353701
62185961
116484869
56332300
140262873
143474384
115228057
42950089
137580100
127756274
27550513
93860002
45054551
115036848
77612810
141478313
8753178
19033297
124487332
140800941
143115968
142915734
19986837
116371694
124608709
23226061
106783935
133812611
80334781
93491049
49592167
4493559
90090650
121894959
32327669
109429718
62235942
68610525
141442195
38000940
3656676
98968603
106086195
257324
18457271
142923566
67195692
140122954
87559442
3886179
109111245
7528389
50283382
30000672
142110249
106308087
92496093
30374648
69248830
112464791
58846558
143204552
112869070
78673186
2230370
75836058
140631561
93491049
124433621
134163482
140462789
142979131
142094849
143488769
118730030
82480390
27335850
140985325
143020732
16148198
135469908
46405863
142271035
4390680
143208627
121439934
133106616
128526056
124004884
142995748
107080102
143491665
69366631
68775746
14628136
103313028
129197467
121739442
75760133
33840167
92212147
141042787
52523792
59278758
23989950
17237732
125589435
134413641
1696808
133530823
122744205
137395132
9085573
139721327
136424255
140925319
131294282
124973224
78877097
140374088
111015697
14886904
16606035
83958362
1296992
107473976
39212613
128830356
137275088
116682865
137462682
12880814
118997568
135059370
45755973
25218215
27348196
143497563
108448034
129094914
126144179
3654361
23572101
139420445
139990545
141782320
118489483
143495082
28713268
138684580
143492017
111587644
125925800
142008947
142841315
129008425
141510903
122169032
120805010
32365475
138351908
115608183
74771381
134449908
139721327
93491049
110847493
142331035
9982504
142652186
6380017
142035270
18103953
132736444
86111273
58264114
140336467
140004098
38545043
140862274
82820063
81861897
109431276
97111334
46405863
41660210
141207636
139946433
31754217
111967335
116157930
112246805
94691430
137264892
127029672
143011082
98140178
119253034
46144058
44951760
96477459
93491049
97816759
140920706
125756316
41492436
135157254
122671665
126988519
133031858
6862752
139648176
93001187
36528265
143498718
13742477
143475840
74116222
110096386
131767473
125156911
129090824
30506606
56907613
88017402
143405484
143260048
129524182
134654848
28713268
128121018
141860494
133979592
39558290
86621907
61769591
119537916
140176285
89033931
64629273
131691416
143492391
188764
45281644
30150746
106170007
140354008
52152689
134367578
142270312
12119655
91332769
101108287
142165062
124001134
32372884
29367450
134419039
134267869
139756337
140593624
16603476
132347392
7534846
103995630
6978864
143369507
116894080
5899989
50746956
143472812
6978864
136512407
142422090
26558882
21906539
141764394
134447174
29656460
118095439
83664837
6442931
43771479
1210154
143390523
143022722
122303853
141572439
54885431
103515579
82892351
132206586
112204042
127801688
122823160
75146184
133668805
113260130
92713745
38768250
41533685
139576843
133449029
141363056
45804244
72663062
142981360
97816759
49461753
90990131
139415875
142215468
143397473
46056601
138738247
124486806
138530777
84776183
135666406
141456483
69350846
88841768
37884740
46405863
143105870
103960811
123747390
143497197
59172854
17594014
100242343
17298255
92686996
11014380
120545538
93491049
127821254
20608955
141617451
19080396
143480089
70191222
120587274
95615965
6978864
68775746
83684239
55760935
82765039
93305952
95414275
124065930
3771200
98320223
51658859
109580987
143446077
91306388
4557065
143492374
141805340
143488689
7076599
143072943
143463238
6978864
61082583
8092653
75527657
142741850
34006643
35980516
50618418
131136775
140381477
15807944
68544331
143493694
5545236
74050379
140852065
104051529
113217472
143278826
9695565
142745796
125232705
99108065
93422666
28506091
142995734
62938273
92498233
118114027
127281639
67302187
131973744
143481750
31140990
92415382
134121471
125412684
45434904
106941582
104782134
28954125
93625410
141800840
104627662
3564003
124613837
143151214
116507818
17613958
33692173
85785118
95959989
115363239
20996719
131691416
127307253
11407070
16914484
136763304
105777688
52153705
143492576
27129113
120307579
34971763
54050576
105259339
143270338
68693137
143495721
142223490
89796791
74940447
134941490
12231582
129516828
19104742
45560372
106547300
143498739
83419558
49994061
139643305
93053452
137383654
131691416
139721327
143074270
127779481
143495503
45535846
133275267
104729720
123854053
136051822
143486781
127881050
87397862
96248583
136923154
26726842
94145362
143047985
34392949
141092624
125090253
6442931
21596751
108320755
4862459
34628955
11494634
63946217
104319173
43835286
117953968
19422188
142624429
81367115
57504704
127664298
143468443
67288834
44412466
113148880
112604511
128034534
32346759
134383677
99684141
933720
93554242
78425613
30331426
133887044
80456979
81295632
121812858
138903030
33840167
131691416
130136709
100636667
35794739
143346899
130417517
98968603
139449729
78073825
38095989
142295192
31331951
129316269
88895809
131710059
40988122
143377877
142493645
54613205
84389822
12400974
143151972
74411596
125308625
74294688
138783593
141076548
143473839
130155615
143405117
142003952
54894895
28416261
31337402
118545729
35778068
42085449
99085807
89740889
60907173
77010964
133221586
108638486
137944870
4232761
25414643
94087638
137523057
136948036
18768001
92986303
82576412
142875693
69753554
59220576
16031435
142470861
143482988
140669849
143378966
136223429
139366471
44456526
140827025
140401409
50549695
84596981
123595986
36528265
56931368
102110100
124643821
101108287
143464461
57
143414344
141287048
105450929
361028
113388531
13349812
129060230
29432851
91444774
69124882
74324478
91247602
17733429
121608526
60837683
75393754
143493984
135659153
143495778
135358918
141983932
86605044
133925628
79376562
56889551
19128029
122650860
54802249
4390680
18772293
142531888
1953741
91791065
133006241
90532885
143496744
141397709
54050576
63850961
96608329
51213331
82378482
117909661
22726523
23226061
120079771
142668868
49904223
111168314
115654580
126237470
117865912
9749141
26726842
54050576
27230570
138965719
143092506
143033820
73440555
110826474
143446873
140951637
142767301
127376710
39183921
142424863
24453922
77178723
125511334
143484082
53231144
139499236
19944206
47861871
29343978
136396572
123354171
3727244
138494532
39739498
126318595
133664730
14877315
142682943
76576417
143455894
61714877
96287805
142367092
28011522
143110545
123442916
125474998
15251496
100718026
64670789
941035
122994625
142830543
8641865
143274059
31633136
117918564
133970053
123372431
41407775
32928687
101108287
97563303
97520423
25556922
83132563
127520500
86773366
590490
71492600
142910750
136031028
134001141
63107382
86115784
21749971
134017642
48492828
141726910
106798663
142831967
22130176
122534196
121565904
140075490
141506965
44681797
141730120
142431487
11438200
66166822
129594183
42350587
143494953
76681270
54050576
50618418
100242343
123649289
53607511
66505174
141898610
26726842
96498514
28267891
142676846
143191253
127049293
108251472
112511762
99780605
52090480
82056486
82461715
34622330
28179385
142361492
124813125
71024851
99422717
143364350
143491037
47775297
138774096
35089107
133272854
116085287
112650173
12694323
5315321
102006327
134845146
35985356
60846753
143032465
143486134
12264324
33585080
115761630
101108287
142756546
12035446
44257976
67579319
42694142
42951494
28858448
93928596
138504336
138684580
123495345
129372952
140336467
98408357
122164009
38546108
141572439
75439327
141188928
20206614
137936741
140897110
136167469
33465808
53235730
52018730
143363132
121651670
95973514
26369167
142165062
43010542
79886743
91059431
121336529
29475532
143349851
143491847
97816759
56016463
92383417
83512929
134948773
123551696
47061365
136051822
30643273
21278306
94446258
45804244
131691416
18076210
135116923
4811922
26505452
135410804
143181888
36396531
104698974
46747888
135593549
67832035
142563929
107433587
60311964
127423220
87137432
99118030
48144878
2040177
130619479
134128951
49461753
76901148
134308040
127623385
16468571
54127993
143130657
9757643
131110581
114276036
112755924
142744688
3138042
49283974
133887044
139098222
11526369
104540026
110096386
40779105
69522190
137554571
127329321
129472844
101108287
120351547
44002369
45905404
10819245
35794739
143173559
143495968
78437705
101972750
25410405
106910375
140911173
41660210
83611387
121473994
69753554
124109949
121455198
27550513
25314551
5545236
62185961
124065930
6406083
75393754
77987999
112928156
131934608
4179914
15972655
16682947
72276132
116272311
90173670
143498720
113618991
126592531
10250504
133275267
90156405
36978982
143460159
139895328
107248098
61679455
19031451
2240711
43771479
10452902
2711451
20583303
84259269
140202622
27189640
142820832
104627784
20133806
7930362
139718110
3769388
135229302
121350280
134163482
143486267
143174371
11451361
136007019
122969836
104943882
143498666
46163860
89628152
8661454
141092624
143202189
93127919
119660981
113798349
128803717
123120142
89918338
133106616
92952299
12589695
129101827
89911960
30417300
118771826
97816759
138521490
141777466
142532800
9213811
74121974
141200422
124093394
57713532
3466602
94218269
137348789
66319308
125609203
123956379
22488488
137697278
53607511
139928145
1238102
142410622
89636528
40338557
129902647
3005848
132806490
7739855
85154784
64685330
141716215
114881850
133972336
112521853
100131705
140934930
38144979
32004289
143214811
47973891
143498739
33201428
9030261
99567225
143496143
97816759
96324028
74102415
142054430
124226926
95515923
42406294
137066464
49461753
126075137
104627662
11494634
101499169
2845425
77375834
7943758
106482856
110504903
3514970
75473326
88206259
89716697
143279855
74022764
44797555
98657786
141092624
142639945
4375410
140752573
143498134
113726161
55566149
28012151
143414344
43312915
34123533
53552221
10715562
76897744
123082465
69119219
1694867
134645944
142821761
82820063
88841768
130789713
134645616
66046617
15112314
26623881
1365730
132951714
138115197
36528265
140403088
86137577
128849117
10607214
136266149
36049902
17878353
30025019
139011405
104820274
130762023
18971448
143155413
105484672
133106616
128143419
8982826
85168562
63108860
135314284
136461533
76782376
141989334
142724224
112797721
123207004
106482856
88385898
8993823
143244483
98905375
142755864
97448594
122585264
141112193
64128320
116216091
142931112
25750472
42258986
126238956
143427728
56433668
125412684
132818026
49987669
121739442
74324478
120845868
104319173
76009355
91867511
30025019
139718110
143460520
123595986
97579662
137336217
101565686
137017522
68745049
110703912
2589383
21627093
143493645
6491809
68784296
123506130
138591312
92616750
97816759
34920869
142254358
143496973
705082
121894959
143490487
108049336
26505209
125241705
60220066
69683300
123057689
69624930
29225812
138442080
77396431
141605296
58399496
130789713
109977376
143477368
76009355
11451052
102110100
127049293
49461753
143321964
61868897
131183215
54101770
103915176
143497555
28179385
92927098
75599273
32897661
23226061
31631137
124323323
82576412
76345916
127779481
27129113
142357846
60628742
142885873
142179481
143293105
59146219
88009548
134485245
46620636
125569772
89033931
43979598
14134094
117704902
141874117
128126509
143479524
95526322
76760436
105311186
133168162
87780417
133998869
93455313
130369384
133117801
143014136
91059431
36528265
136116997
5954266
103663369
143152998
495626
126144179
141027414
132653478
73157638
11116327
39709267
137965554
40980406
25227235
129677757
127960967
125054840
122845230
55902117
99548742
100827368
81171287
139882142
110473303
62561340
138242438
143492391
26602366
135485705
26726842
142826356
143364276
65026184
132746418
139211294
91669201
8077093
116782844
134512360
110809919
74324478
30673530
34343808
113268880
3828322
4831899
97816759
5526171
134128481
60830752
107514354
129888385
49461753
134943907
59060365
20607384
62561340
37479077
45321720
143489588
142735186
93225594
140996560
74230611
142741850
107056612
7943758
140129024
27553551
137684936
109866616
57121526
143474384
21466656
130321765
82567705
119076677
142343673
143274545
38462739
120287130
137329626
81720892
100897693
135829695
128930707
11410679
138566123
37271461
121838265
47959977
10775614
142321318
45804244
98968603
133822741
74853507
125156911
40713392
62498003
143479447
106482856
90294601
135701102
20272568
107133942
98468022
21675648
49060814
64478882
117686158
77106293
34266841
38248794
104627662
143280392
129472844
90168089
128627641
48242497
8259647
137729220
143186933
103935228
125493324
11518599
126978554
114724219
34901283
4252175
42705354
136066229
117909661
3462463
142165062
132193477
143496157
12771442
135137857
5545236
133003
38012721
93240180
44456526
8016726
143497668
104672158
65808756
62561340
134960648
74604147
67408115
127568172
140109815
43779149
80491382
93701321
17818179
3885263
58393329
72058205
124042417
101984674
120805010
123088073
48006630
89935998
79565542
143364299
140943987
19168499
128497365
18674324
143263442
110096386
27550513
138684580
99840624
3847742
15199576
44871418
8994037
67217207
135558500
102010019
143454046
123176488
55830698
105777688
79974989
101525542
141572439
120844036
77872643
16137202
142218623
88966477
53207377
33494860
76974716
127442645
143157485
69753554
142360778
78079958
124792278
137264892
142880767
139718110
38364251
141092624
30549836
12264324
131294282
7943758
21501821
115874553
133925011
48167304
57504704
89197738
140128875
95326562
96814511
106170007
140467822
66342454
101009074
23989950
20296725
137698623
56321803
89969057
60789140
20191716
81340792
143221312
143007989
121513396
136523818
129737690
139718110
137355458
134268370
141684560
137375547
128121018
143406154
139638090
102431547
143491660
126073788
143471379
24707842
20206614
128016537
79580737
104408841
139493422
126522575
23783881
124051984
26602768
47450204
7721179
68610525
41842691
87743319
49348158
89069791
136654032
69753554
106738523
75430298
119897347
134338841
14588166
137722338
142231337
118882652
143360266
108871677
136970778
31681886
96850101
140635370
143487700
130925235
140354008
139453285
11494634
9144522
132922776
109717656
132267008
130229852
6165239
123854053
134654848
139607880
78485457
68693137
139956853
8218704
10775614
55500528
140385013
124689308
114424937
42555337
92117215
136470619
11168561
96814511
55790758
107320736
115272723
56907613
14358982
115874553
16100702
27550513
75287188
116968946
123398920
27550513
102293783
77678327
130108995
87700412
90622793
53411766
53809879
20027998
106482856
113845083
142285217
143349014
143267350
1731847
134715124
29227781
127805877
65686155
113058335
127801688
30161894
1582159
89088351
136872785
141094306
142424863
143282564
137835980
5295290
138554984
79754707
40723159
10824986
85639199
8696027
139016220
106482856
123788850
131361365
22189169
138667261
138965719
78901532
141972873
133970053
139111897
103477061
70491346
143487700
84965763
139449729
133275267
36922824
103219259
105731819
96814511
143350677
143497198
42419045
137828324
97448594
137588028
78485457
44611203
49350932
123273646
76850657
118939255
111061800
42816806
117139907
124720944
135840946
128872208
47284543
141255414
48881341
128664736
95880219
141655711
95958493
90836691
120949014
143022013
143482096
28428223
13268115
139883967
125484237
22550738
142129510
38244397
60400163
131248690
137943496
143086331
16382372
16499831
20771370
142671271
109982278
59007900
141993260
63946217
33189011
27453258
139884037
6792724
49592167
135485705
63543376
85722047
23796592
143480361
109546986
78103944
29407894
143493655
62561340
100165172
3899368
61949465
92789981
55313522
82702702
56807934
30127623
142734084
142761001
82796184
69708085
122180067
8212980
78792906
137630866
13123532
76842591
129472844
87510155
127183715
143498079
142799235
41382860
143482988
123350779
32820317
5522573
97954298
141721320
48942908
61738713
101499169
55074784
18916519
127698171
16286314
140659892
119874391
132245138
37633068
139895328
105509461
56154982
143381838
122165554
121872968
107453786
126418341
90510021
12880814
143467906
78073825
142420110
33819819
142038304
136724037
117942162
141477704
118932227
50053689
17959523
31130340
47969753
4792905
113051473
135229302
100386675
48817695
11765986
129216573
75146184
24355895
78485457
126944404
96667742
142988942
126494718
2288196
104627662
139718110
143389841
120801114
108456690
88841768
140968170
100069265
15541946
90990131
127753202
60901926
143408732
95629485
142991562
57393751
112944990
127526129
109111245
1985688
20258137
136569182
69124882
135157254
8132814
87413380
98618456
27539545
114133353
142136954
15015992
105330850
121396349
33506881
142901524
142988758
56269164
103812201
135921607
118374568
2556297
142948834
100563723
22854399
95133388
91312968
103340207
18203121
130762231
27189640
75542505
142929701
82454296
143000693
113238348
68276206
58022364
2816671
136953220
123595986
61446801
3445915
15551941
140336467
140483726
81546073
124226926
49261346
55753260
54495684
10045911
137482438
104408841
56863276
140811546
143276196
141980359
9093235
12264324
143387744
120040761
94805175
102167268
102838125
130162171
53843199
21906539
137929082
65520450
88206259
141082196
15783241
45120200
143498001
113720712
120686072
115874553
132001534
142819901
64354348
143498780
136972058
54786499
140859269
8481462
137614949
122031162
143244483
142745796
7376085
100242343
137423774
124042417
142719293
138290029
143498785
142955370
83337423
80285007
27129113
140145247
141127052
138456121
12944460
141761439
12138196
134578028
6442931
56016463
108333842
97477875
122906147
3175263
14373162
12231582
33378736
142216581
142920879
128930707
63227774
108525976
142519053
115363239
14058664
99380078
16561626
115874553
133925628
5735600
135110838
104304391
105759611
59278758
132816082
41805716
7924188
143208627
124788655
8155676
35980516
115869117
109431276
132962539
117652714
27298562
128082124
111032603
139871921
33333254
143493320
100165172
141343526
142736026
100398439
143021543
11027463
2288196
29252306
131934608
142028286
2029849
36523790
143163575
143496873
110491356
143494146
82576412
130789713
114075278
10178673
15449288
143305607
119408644
12264324
125604519
112445699
121031
19242008
98700441
133727421
114773273
126158369
138684580
121876682
143420194
24797486
117909661
110201461
4212073
109061371
43771479
69850775
16193654
34006643
140985325
142741850
143025338
143198631
60907173
109061371
61446801
130533905
143255533
54829603
108021692
143412655
207431
138663746
133635441
143072943
106565266
61446801
131477354
142267476
110176099
72057249
112650934
132537738
115874553
27419657
118646713
33905764
142165062
4682356
22330719
111563018
59411520
33923571
123171776
12658302
119423319
42950089
142907409
123958198
135572943
1129403
84213003
94458982
106664403
7114582
122671665
49535952
76559129
49060814
143498627
84133389
103995630
976003
11494634
143490247
123533421
48393586
29656460
91180703
140921523
143498752
143241200
104323558
134338841
26618552
75542505
143109339
142624429
139616054
136763304
136872785
52884050
136458400
60846753
104627662
101725096
91926508
140887489
142699656
30313627
333743
43010542
130333341
127833109
58655668
58846558
141939510
18488071
143163575
10886941
60183597
109202277
122195911
107745070
73838005
4415583
132674338
66319308
143230666
48689453
128736727
68387026
142539491
136706498
334011
94440470
105905749
136266149
16100702
21977512
91306388
137730307
107656698
104073569
24768397
130461990
142596846
85110174
6787449
142937249
143489256
12015476
141015317
96814511
142408398
136279035
106798663
141711708
26387427
48990030
138175175
133061551
142271111
143493434
42950089
6442931
142826597
66415944
27329538
43885620
7943758
143491023
138147551
109415948
106941582
31780550
141840579
109061371
48660732
118859384
136316180
79013061
81533984
81546073
138371093
13214869
120102865
46397156
76246422
46564984
131433829
112128591
298924
118365031
28945221
134136627
111098395
143014136
142290811
143176119
4865157
79163076
142749021
104009095
126113732
45804244
136147460
66983502
137218316
54916458
143492391
17878353
43306752
107879548
19704950
509476
6623934
133365658
141432068
133972336
14585794
136562651
143070191
143490514
137164182
13946718
10753993
142223490
106170007
136565915
24298357
139522518
82820063
133497157
143496422
143494381
113241228
27532580
56807934
2959817
75968229
63400380
120844036
124138233
143204552
126937011
129516828
109703578
114666745
126119946
98320223
118496674
137471903
19898276
38174931
136472572
138046003
89991412
82470564
142754674
133530823
134715415
60196223
137533392
143471379
133826359
125420130
138140177
136970778
119316582
103805455
103254784
121608526
114411250
138961503
7943758
143275671
85989617
74411596
143470476
142193389
2996143
120206432
19033297
123093681
41292959
135496524
139631755
99577960
85000922
143498303
70308788
107745070
125684065
143370286
134977566
47775297
41302074
60001083
124138233
75814313
35632807
99051465
98944066
5545236
126874962
106482856
140403088
52022744
111137373
138359509
40838809
104802545
91867511
142292819
111015697
39579480
140823496
133262144
69783191
30643295
109933908
1294418
52452367
127960967
14681159
62150145
124138233
104307906
77355524
131136775
110489975
36424938
133346077
142006933
38000940
64917255
27129113
141781448
71241062
102831805
138903030
143482725
117543897
113281317
143450009
72423551
38069620
93725390
20206614
35395498
91250648
142764999
102988375
83670006
98728902
103340207
87410622
21986214
11160456
127809678
87300915
8121009
110395955
26387427
15963789
118607974
136822560
3217688
27189640
107433587
134764120
143268347
143454190
124042417
21641481
84155731
101998367
66505174
20280614
93616963
127922075
143497197
143496190
142303514
142293081
5987793
135666406
42419045
4359963
9210326
24660743
123915508
143490428
143492637
105777688
133886336
139493074
120980374
138756093
116974270
22087384
133523115
125605481
92515150
122508369
77573222
130833704
8700373
105685503
137562292
25218215
131568516
107514354
3281197
94224454
40390151
62235942
125126731
82258457
7943758
1296992
9890720
109662333
130167670
56613196
143371859
143193289
135229302
17965365
131768167
66218708
117340072
104961817
140319907
139898210
129257660
126144179
102407630
142003952
141836286
142494241
119076677
112162934
129705745
97577733
142084951
136576459
4461131
94440470
131570244
143486267
1694867
142136954
70847534
43835286
61553006
112869070
120498872
16206221
134912229
88009548
105269818
136983426
118841315
141099824
142529603
139960477
66794047
139420445
12971125
99114417
142493645
19550500
3243958
23598509
117538725
49051797
98615952
129443443
142071249
61633455
137595812
143317921
120624633
136031028
44412466
49987669
11227369
78840905
3583929
12264324
113439829
7534846
3146673
143498801
50870154
80800389
124716624
121565904
141572439
123515893
55902117
40723159
1518109
105856519
138774096
47830863
107409721
67931980
134447174
63350878
46567940
71949666
141976401
143486855
133817111
116131148
23226061
88995697
31280081
66762424
82928417
112160511
26369167
139866236
142841315
10774101
142668868
78651684
141338306
11989706
9407821
129399632
87908993
120609024
621659
136958935
56907613
58363226
106693693
139757821
143498796
90830279
130716508
143490979
20332380
137578057
78073825
25745549
88021414
127519940
122572926
17929052
143409592
138522612
47211503
98293561
102610870
81341566
104087922
40466153
142987918
88841768
112060216
61518675
45754803
142921705
3594747
104943882
104471164
123595986
3500336
142014480
96474759
76340480
141573760
734820
42951494
143234066
122506687
132718813
139467622
113726161
108047981
25831895
16468571
94440470
115226038
68693137
30127623
55313522
68014298
133554478
68327620
19553983
119977514
17249356
121314694
123495345
118997568
143474384
127829977
37866450
10944629
124487332
141950773
138965719
48242497
112200121
143490335
122972184
116353701
8616276
143170284
143130152
123854053
142291826
21291951
118912700
5422911
6875207
141857242
141777466
123090535
133508797
72175300
61562079
142979131
99684141
1890650
143277625
139870665
74249106
68885512
131580790
143486781
43770382
118275764
63333143
95207928
37004220
100385625
66328659
53113067
127716458
116624548
473677
143498268
96578592
122686186
143498718
115578231
142008947
10325280
3674529
82079751
128850984
40012378
66067121
40723159
2278923
104639342
138189839
123929425
82402400
110687800
54784436
44259831
143254589
143420194
127753202
123494102
94596019
140137983
140354008
142388423
11494634
78869353
3656676
2446571
81171287
142165062
137207033
134338841
111988777
129634446
96814511
123851360
93533057
2213821
90863017
123904730
142909120
138591312
142481140
143492809
131294282
101232093
24778923
83761303
131062584
103130361
112015396
129240598
120883591
21294010
143261760
31290643
60517786
142211248
126900891
100702139
142859484
40657009
55830698
118924567
142998865
140179862
85398124
80832113
97689241
102529222
126238956
137595812
143366323
55500528
142292980
82299534
5212697
141700491
80929238
133565555
41339076
109061371
43397110
75320188
111257446
129285495
135400956
143498569
40169739
137799794
57
141931402
48569944
107757971
75425378
60168392
10554191
3771200
127409938
94898001
136874154
136872785
20730363
143491847
138961503
11874958
143334186
142766465
124138233
86255281
138599629
464423
135137081
129126746
107806454
142464516
137264892
33729301
125885843
96451341
141940472
12940587
40232624
56016463
134376190
3625714
143278826
109061371
62603070
138803525
141525995
2536520
122965206
43955900
143454190
19000033
69900972
53823172
97563303
121608526
14728951
130254975
36434897
117909661
141980359
81283578
140732742
115806327
142160965
125126731
96267474
143477504
8863192
26701216
46653063
55858595
42571058
56807934
118197258
120988767
85299387
143272110
59026168
128484432
42951494
2536520
137218366
137423774
143047985
75146184
88043477
141083617
105476994
138667261
138489479
15112314
45730900
121439934
10756373
141872278
29218866
3083327
100242343
110504903
137936741
127960967
140296330
140308668
39798754
5020534
6365730
91456826
142054430
2726801
124499045
80053339
111470229
136473366
20512632
136201939
131823769
143347299
115512187
143497680
124486806
38095572
142110249
137983883
20308219
134268370
46022528
127801688
120219749
139054535
143480463
132238739
30725306
99108065
111445235
84864702
10119897
142367092
122165554
89373984
143332991
16411627
65351159
106086195
143151214
67899615
143431641
26347757
139366471
108829476
50706108
143491485
77780721
121137118
23394898
137965554
131956761
123115540
141726910
23572101
141860494
11633751
108992903
8417853
141188928
142986976
138370235
143371859
89195641
63800982
105450929
141836770
136923154
129621161
106715764
108251472
139499236
2536520
142170875
91763537
102169479
75760133
143244483
80540383
20607384
34733911
143420764
143338544
57504704
85618753
19301332
130217314
142767301
77545047
116894080
60907173
31329151
85897841
50035910
26558882
111427410
6649528
46306829
110337451
67408115
20481314
75814313
142127543
142957052
122200497
1733970
81421085
16434842
138397079
120371080
135229302
79389946
142779334
33946897
135282373
30289787
50458188
143048674
116882431
64666896
123666708
140648969
124254560
140823747
10119897
123856453
139461529
59172854
134413641
83540824
138763645
102529222
106170007
113208093
110476791
104444891
83241198
143293130
113783504
141669192
3992331
46747888
123442916
80508521
13575633
86920118
118545729
87388217
53279179
124930051
134146644
120844036
70788460
90156405
62498003
139613123
46306829
97283376
2559026
91278278
11487226
139946433
143018321
120623051
73020488
105887259
143446873
139599238
85255569
113238348
34520633
133059461
47360265
143222901
42610497
55463398
143495038
88474788
143492398
101794488
139863500
6442931
89881911
143497358
117274889
117339083
43654916
11083540
112368096
19498809
2536520
138253571
1787665
133925628
133488798
65071917
36546176
55102625
41302074
120805010
143246251
44121128
105737975
9220590
680675
142640712
88212583
41776931
57713532
39031379
5021399
124714948
108774425
142827038
142441566
15384219
143268547
60813755
5737146
139014146
9020155
10876998
10119897
142066984
86061556
97697570
139153237
141700491
47599860
53955114
127753202
104222366
104043138
142995734
51475162
71490619
19168499
138676058
2536520
143497868
143284379
91999459
137747464
123057689
21641481
12971125
4232761
127556768
10178673
143489651
12858843
142491783
136871461
1238084
107851598
7420190
27888622
143494953
143193193
85613814
22171429
143489353
8812677
37058047
87989726
143473839
105759611
91911842
141702737
110847493
124992210
141572439
34123533
137349490
140465897
122539591
140449638
101647995
3635724
143349851
128654323
113114319
102863162
106945911
18674324
21077669
52935071
46306829
128101341
14134094
127049293
31496091
123204645
77396431
137509535
92789981
100319697
143497875
104410211
57890965
74420747
133095260
137085754
143459613
127622183
124604657
11731053
139359004
5315321
120287130
87559442
111243313
23796592
52152487
143446077
140553178
8259647
133925011
106780156
10119897
123401816
123546725
112650934
136872785
143151678
111750474
134379400
143492391
99703640
47477974
142486030
127007063
122831822
72041522
142540023
56708609
126539471
140653560
141700491
125156911
143467032
142271035
88136080
135079707
52609064
888661
118854303
139394582
49266538
132456141
13500758
103062951
123595986
111907192
128850984
101511047
137502670
106482856
25390560
143488976
68014298
74121974
104182574
106941582
133535973
34108227
123765267
127960967
46607402
49046698
121757756
78989676
118770803
63108860
140859269
50830155
52018730
100702213
7930362
139016220
55981566
78437705
109203811
140796696
115384897
77106293
142745796
136981710
115300310
126470964
143454046
61738713
40950864
116272311
142215468
135157254
83751528
143385742
142785880
125976381
141207636
124348290
143322748
17878353
133449029
88770560
55566149
6446251
134851420
53861665
83495007
53592257
135389546
123533444
104051072
44803571
142207774
121455198
15688028
11859421
85012219
122657525
143494159
10119897
84669923
68964453
135258639
58598916
99884429
25556922
17298255
68736396
134542364
19301332
94458982
5452917
137684936
42258986
42419045
103971248
86773366
143277310
119482949
141641786
80819027
111794949
130882415
86461642
101740113
126388347
110791472
40719537
142165062
121608526
127049293
83824799
37633068
135336580
113369362
138349686
44064942
80540383
143279855
62394013
6157105
136424255
35600929
140553178
143065058
89191033
142929701
106632893
115074300
142606706
82551669
103477061
110607460
141198367
143178166
31140990
139767971
142035270
136324134
142136954
68745049
96489911
122643598
91070600
107818256
97954298
74940447
107707729
21054867
42026566
139594504
137925405
121336529
131445030
142217898
138549777
120793699
132674533
83486075
137110035
137550401
137943496
143096337
27988781
142388423
123649289
143296144
33884309
46306829
17683349
135967646
142018281
101228993
141691786
49592167
38870606
53411766
97571290
33840167
143477252
105445063
143498406
109482398
143181888
141521598
134338841
115036848
28665491
114210475
137085754
80095082
139674608
134983031
85785118
35106431
120844036
4817036
142624429
42497370
41880280
139424035
138359509
142165872
124932217
108456690
17160920
121738780
99717958
75728673
142494527
122750217
103178543
135524863
7695080
101669518
133597393
93474520
94341690
142503565
81845035
94799509
61738713
84261043
2342141
127375589
11359494
74050379
142546087
11494634
86080540
50549695
142672478
106287136
84596981
143496606
130155230
123613452
43835286
137523057
134654848
115719510
85275806
968561
137052931
116908179
85618753
140985325
143417447
25410405
130997333
103842424
143420194
41842691
110815888
130987353
93491049
990585
45184273
142928428
27592748
110176099
134103428
90156405
143494162
42951494
137560355
21906539
143495177
132628114
122631725
140125051
91302509
98573729
122316183
34229161
24313445
107320736
12802184
140676613
62510960
136289284
23513496
119453646
1953741
26156370
87700412
133010825
90990131
35980516
45905404
96928022
92785310
52893635
97964018
132118702
31888157
122602671
32105075
86492847
143099362
140004098
128849117
78901532
54892965
129369718
133554595
26476044
99974135
14373162
140510038
89740889
112660430
143410233
37824841
43391490
133522710
125412684
78964717
140659892
78326918
105759611
5955316
45284254
139875575
138177554
117909661
38942054
103340207
99840624
62142448
105130052
142702590
114879884
143371859
143326130
132653478
53207377
40701100
100242343
142563929
88009548
143323041
76665824
121918821
140911173
20208854
135620604
143495721
101953582
142747089
138676881
136461533
138792383
73560774
31150650
135716938
6971394
92713745
30413773
142193389
20298404
125283687
13076422
60866581
139420445
125546264
130160263
52839851
19216734
142544858
139884037
122300283
20191716
105311346
143497945
118163163
91682320
88001172
128949632
136167469
14358982
101499169
142999284
2779253
8982045
106170007
142932718
75836058
106460237
86060286
130762023
15390012
141572439
119660981
87646844
15807944
106608987
14588166
16691122
108500274
96130402
61072964
122180067
101629412
142668868
119076677
32897661
94446258
104627662
111641765
112713864
55753260
5099803
135229302
47094835
129443443
141094306
55902117
139303715
100606243
91669201
40338557
74609969
103579005
127960967
58530685
17908633
141860494
30552668
141362007
1985688
131627528
143013557
124604657
81377532
88228569
77375834
85897841
143495525
143489256
103184365
17773060
143244483
67408115
84000147
128037186
136023683
107571785
40970253
85202540
123424019
12852200
143498795
132008862
75473326
78315133
27193188
142953489
67418394
139954266
136689020
40157048
8515329
134073476
83044544
143498132
133376416
141994954
22476085
138684580
58393329
128306145
28945221
143498360
69730471
68014298
93053452
2240711
143494940
122671665
134887796
32718391
6119336
103870910
104717387
132795596
4440626
141283506
56257090
67408115
142910750
67408115
100636667
60907173
111132572
134268370
141976401
110478355
121924513
120286156
80827389
22631886
60296871
46306829
21060457
98320223
133530823
17469092
131136775
39031921
136872785
123515893
123645627
70491346
88909864
79020943
142727440
143385661
104291721
19168499
126926296
143263442
92699789
5295290
60846753
143208627
133927982
55415482
94989277
137595812
138333533
57504704
49987669
82551669
92434651
94440470
11083540
41302074
14289034
60770697
36275429
38150036
106657437
109566689
52422532
11160456
44782486
106438418
49430457
25750472
23989950
37319621
26281829
141867008
124969164
87397862
142988932
143405484
123595986
143496744
77872643
95608465
5898235
49994061
53818970
140014738
143494146
74853507
120845088
142386691
16210437
137778179
119375698
142211248
125340852
121351038
71137429
121426399
106070844
13742477
131905182
133526950
72423551
43771479
142286074
32928687
52036169
120844036
14886904
109861094
143210667
134128951
132962539
86033850
86260814
100520193
47775297
138558609
55313522
120491160
112314035
137326290
142129510
82551669
62216770
133646070
47599860
137264892
121664556
74208495
33189641
60846753
118771826
82702702
87780417
98328241
102293783
28106885
130120743
134573192
129273024
66505174
124109949
143493434
6568631
142885873
110977756
102081039
7403614
98237486
67408115
143122383
4811922
128169000
98835726
14197046
94140646
76313851
143418079
138914598
58130648
127568172
135114138
135944227
44621895
143227488
118496674
109546986
137222552
138359509
58176035
9093235
97960381
136711070
143488358
86251667
15823231
137348789
138530777
60387446
9656859
121565904
79761946
129594183
129273024
128850984
65808756
135321330
3127634
142308688
6215330
140951637
122162788
141891339
4044424
143498868
89636528
63895573
46507026
17675035
108679638
3635724
54588471
86033850
39431405
38020835
129208016
143498873
142307720
86033850
8218704
122279331
98679572
132537738
92927098
6152462
138667261
109166629
143463238
40903570
137158161
143474384
30374648
142762706
143495999
142821761
98720114
61830795
113726161
108047981
143420194
132690797
142295192
40968344
93053452
94058279
18883217
142123802
22283799
80339010
100673680
139858565
57
4693716
106780156
115281349
30413773
136936189
142367092
108979448
105476994
125609203
119513331
95973514
143152998
138259920
33925953
85613814
10906803
141304643
30891684
105759611
62376565
73440555
143371859
59383130
22130176
140874142
93701321
131294282
84026111
57729020
103370967
143137059
18932999
18488071
89948104
68702177
79867796
134259835
137031693
3847742
14829657
12036686
142231159
143395128
143007989
39092988
143497555
17237732
143486267
62051762
28544463
107324553
90836691
89088351
131258692
63654048
131095125
16603476
142533784
122332446
48808250
82567705
29475532
11451361
83721501
139674608
45387006
143498879
109693042
33438991
141496281
27782127
140403088
40801272
52413772
44412466
142596375
136015987
143479203
102724216
15651973
93053452
143492519
56658789
136854658
62498003
4271623
8676351
7271493
129902647
135485705
84864702
21127788
117909661
121608526
38847905
131062584
142544858
7586413
134645944
129585084
36978982
142875693
130715915
125511334
121902671
118904689
141572439
143441057
10913439
139883967
95396727
93901769
64128320
15541946
129771989
130233203
142254358
143267350
55463398
82551669
78869353
22609684
136207918
142744688
143278826
89106798
67039275
25121899
3216473
118262949
122650860
136957944
16382372
12761762
122200497
141397709
143162055
21929635
143130449
142725993
56269164
143460159
143206591
140666007
94631256
125762146
137808408
143493320
42705354
27550513
112650934
106504345
139956853
9749141
138817073
130646702
104943882
89969057
123482024
142307088
124831063
761843
51353656
113148880
99085807
125412684
18883217
123747390
93053452
98323169
136266149
11861936
15390012
140354008
2853166
113841056
78575621
109516216
19578709
139946433
132732371
6168845
19194289
142724224
13728641
133925628
22661170
12422815
22199952
140435911
15449288
124749495
133924992
73527522
12370063
56937373
99684141
68014298
141700589
142727440
123495345
124138233
2616743
32095820
143404711
19918758
98684544
135229302
104470059
142165062
5553812
78673186
122901015
142544858
137595812
134809821
47271121
143274545
143496435
46769212
141976401
143494547
142496457
2001369
27379487
143181500
137698623
51773819
87316453
142111749
11083540
142240753
96966598
113730780
12268657
139576843
139616054
33819819
141553492
131749887
31631137
38000940
86605044
138903030
129008425
81565397
115570083
143491847
137423774
37385232
76782376
37967769
143468731
106504345
143086331
10800897
74499223
122983186
127423220
133506711
136857756
54892965
18883217
127833109
10297257
64995031
137729220
409330
143470969
137595812
104073569
70061915
47549492
96790253
140118602
49169689
4742634
19301332
113368449
107210997
444447
82551669
143492391
142493645
77678327
121838265
142754725
64670789
94596019
142023956
90061173
138607403
94704637
143244483
20280614
143498085
133235570
1296992
131767473
141728850
18883217
53279179
112054441
63865620
142003952
38108314
142981360
96130402
114520618
137700053
95475710
90240983
98598211
79328008
122567155
134606210
128889076
102718964
141442195
142735186
136307599
17878353
51506791
106158032
94655255
32964569
49994061
7031470
89740889
137882786
105148962
122165554
9775631
110734419
135593549
75473326
44002369
123385448
137106243
123442916
106687966
64128320
53113067
94810631
106504345
48660732
137542006
124604657
143467214
136591544
44396770
3920813
126584576
68175049
82404858
117139907
98217591
138473423
32638293
142995734
87727365
22080061
104265562
9280877
128850984
123979655
138774096
127622183
36513121
35691511
1874061
132206586
41302074
140425029
82961934
117384314
107581098
143496422
137395132
135970523
121812858
124147978
19470896
143480817
48607077
123640882
125412350
44413364
141255414
96029428
62450671
64928955
136351876
73382289
117339083
474025
3928968
143494195
135410804
141860494
92720008
93053452
26722636
140104789
80845535
102993128
131326431
57596407
13332011
134023231
111132572
125773279
143488486
139054535
40390151
58055646
29252306
106664774
99114417
143235760
143407640
143364350
130428705
132911557
143268547
42201337
98963847
143465208
34785965
5799789
54213151
49279602
143472818
88820568
49271956
18883217
35261645
57504704
142682859
8994037
143321964
131159014
9407821
69792253
83352233
87549691
136957944
7096281
96864921
27000451
91444774
142544858
11536596
137578900
143498899
92753316
7304914
142529603
143476902
123595986
121666208
11170095
141307684
19168499
141478313
14318753
124930051
142211248
134269970
121830093
11490150
143169944
18674324
134985002
62712168
77961563
143416204
8659920
103915176
43555885
142357846
82720802
50989008
126896358
96272047
100666004
14082297
107806454
44281896
86492724
42097885
142719293
132735097
124608709
142331035
140653560
47964794
128071955
120435574
137700053
7534846
136147460
35046
86033850
130937465
44611203
29580448
120287130
103825391
121440602
140477397
143176119
5536087
10775614
61633455
70843522
107597537
74411596
3903341
36664116
108845484
121272095
139321927
118374568
86033850
10554191
137588028
136497977
94785629
18546718
26505452
35013364
141572439
52218814
19659929
89082483
132497033
56020992
138612962
141297176
138760475
143349851
143154236
25556922
139648736
37004220
55630671
120805010
69900972
16586918
81861897
127019108
14044236
136279035
131879571
8641865
50263428
142159915
33840167
135960363
125236634
2951611
143498868
142044192
139574229
66192994
135836235
121641112
125135358
16046179
143252870
61835325
92789981
54222898
45748024
127029672
86268864
127049293
124486806
86302969
114728010
142520633
98140521
94440470
16607432
139596813
45804244
25676020
1312860
90856892
94458982
103340207
46930089
142223490
6818788
117989360
47437303
37633068
68693137
122407848
90364251
83676558
70358579
66328659
115829805
143475653
14585794
127960967
109320147
99602936
111351200
110734419
20988969
9368014
103254784
126486941
143475840
103283309
104211797
139312400
143382780
88009548
114670573
9287586
104131176
143492576
129069562
86921729
140220355
99030996
143497197
77780841
141885465
79754707
91926508
105759611
46635387
48817695
54556901
143013982
92088503
55463398
108111502
26525915
143430560
130888337
139877167
134918163
87449303
119235318
131768167
143415589
141766108
48660732
93573206
143393373
88347343
93247594
39201691
136691853
11996215
32827914
13918786
134733131
119074564
115761630
42007979
142397117
141198367
111218427
127511777
61304744
119076677
107856687
137296462
39212613
59212566
33635264
142668868
100352979
135468759
123625240
49592167
115996501
122377777
19301332
13265622
40051257
84100683
65106118
113688717
136089088
125642568
132969881
30962589
67168605
65149362
109437300
125412684
111427410
74659260
143495396
90206076
136724037
2583549
118545729
57833717
71570719
120958611
40694964
55902117
125394635
98873162
120988767
142979131
3771200
36027470
48528251
141925654
129213268
47381654
464423
139493074
104291721
110845615
3105192
132458116
134268370
26333142
39034688
53523841
107473976
70538338
27348196
3551399
37925700
3243958
55507985
54982547
120609024
138228597
95345761
121396349
36268222
124147978
30903270
54448500
92479985
124858972
49552758
97603512
15025647
140823747
103665936
53523841
110734419
81421085
113578771
67051848
87316453
26193520
38983795
57831920
118841315
11859421
143268347
4004236
128672995
143486709
142323542
69337207
108140769
31331951
128437677
110509565
16492814
16800458
120760394
131823769
91751568
142624429
142745796
5295290
121146879
142160232
8837729
90990131
7146790
48983795
46803489
77678327
20736609
16840593
127049293
124604657
143493645
105685503
136698889
141836770
60757398
127207637
85299387
68014298
59992760
143050086
37440993
139606770
141976401
29040174
132205808
7610063
116229843
121751794
47973891
19077489
91306388
75664876
143202189
142666946
47453005
112650934
20730363
110607460
138504336
92806078
140645204
77178723
79195072
5460237
41382860
140674334
35444175
78843887
133631791
143034123
44530214
142469960
2887337
118334149
141550506
93422666
128526056
3642256
42350587
128741692
93616963
79020943
141525995
131294282
112566212
140852065
15015992
137965554
39428907
142494241
140934259
143497868
100816172
5471014
80800389
123520957
100606243
143482988
109061371
140183756
140037887
129371936
109255353
27453061
87967396
143498819
48660732
131248690
136116997
142784527
109543106
143279855
11801062
79460252
143450298
128019185
93509282
112037399
80674413
142632624
139346166
142639545
115513164
143346899
37957084
135157254
141700589
143497982
10998503
101669518
106279218
141013301
20368923
123568188
50518057
137835980
122853406
7943758
133678953
56388225
93928596
106941582
83710938
97408283
143314683
133972336
141012342
101247924
11083540
73417082
16782847
140284065
18528755
119456816
43771479
123854441
100605384
113335192
142995734
35632807
96632737
142768356
42950089
138093266
140469815
109061371
143494159
143495533
143174777
127622801
18273415
127896017
135659153
30643295
118484342
97020604
47211503
143086165
120351547
138612962
106639204
100311039
2191014
130527823
124679807
73352598
5931455
10178673
20191716
1261554
142308794
132203343
47432879
18168694
142110249
108384263
94234271
143454046
124075000
32629700
8259647
143151214
97563303
117339083
139774133
124373319
56508030
143493694
85387116
136654032
23367677
143030256
141678419
143479447
47830863
118685793
110918532
135752957
137523057
106798663
23397378
124335489
26646092
51256876
134628867
18457544
28325932
8932028
126702376
104782134
17658252
139895328
52845965
142929701
133970198
141726910
131062584
133449029
105759611
108992903
110473181
104073569
126512056
132245138
96608219
85632019
93127919
54883821
4556589
84913060
143430023
27638242
141897114
120844036
143350851
132136996
89041172
43200367
110504903
98498377
142054430
10045911
125430551
31609642
45905404
12420279
125511334
141805907
123595986
132001534
41302074
143477368
105450929
9898070
141034962
131750900
14628136
105334620
91332769
119268042
136110140
71507988
128685077
61187856
129778490
46768237
113418030
55451360
111402194
19924295
101806119
143416204
52036169
23313640
83900847
109719598
119273163
3998875
140064384
121351038
62498003
137936741
95591654
48073488
29599109
72766137
107879548
126988093
6579556
116352857
143230179
136577011
143000693
61633455
141809614
128019185
109061371
143228361
141382355
11001037
143468645
94691430
110800580
76664110
50613429
134578028
107324553
143151972
133065467
114773273
11014380
117141106
69298608
141477704
124932217
79112693
139051458
110791472
117909661
124604657
116544904
94813115
43936368
104766078
75814313
117989360
131662256
143492520
143032322
136289284
141857242
137264892
14373162
53207377
113717421
9220590
123209461
142839797
58512482
128019185
87003610
242720
138634193
75473326
12231582
91669201
133793988
107243883
110201461
141828578
83611387
141881604
2178685
142003952
106527610
275402
71501819
54101770
136163473
25867381
49987669
56836806
87299134
99884429
136639158
143309932
333743
8218704
143420194
72175300
133488377
74940447
142630757
96488850
143083703
118365031
135051998
33189641
140284065
107634822
65797017
141976401
15698652
117092798
126470964
75411539
48660732
134636718
128706148
104717387
143492391
23481412
110734419
142503565
41776931
134259835
52884050
140574413
59172854
140344063
110054125
109717656
72875234
143244483
116592118
143498602
82439205
140750112
114477381
113051473
118914832
109438390
143315420
143155413
127884294
139032263
143280396
49535952
122281987
131136775
71492600
45950374
121565904
29678447
140354008
41062474
143498928
17205261
143498873
2392356
139705813
135358918
64128320
130762023
141487363
30099476
7468922
141684560
137330920
8440523
143446873
129817748
60750209
95982857
4748656
128969207
34900023
95326562
140659892
61832626
143452187
134067550
1344003
73973355
135282373
81495361
7154729
31372417
127430771
143461550
127556768
3907150
136059690
93573206
35647916
107248098
38012721
118904689
140985325
21077669
97932317
29546393
26602366
47094835
79580737
143488636
25889226
143498905
40249178
68693137
13575633
143260319
117942162
77046485
89740889
141027162
90844980
42885478
50483291
56260611
134141172
107737471
110706996
119991395
7036750
98320223
72423551
108047981
141700589
11438200
49350932
24892358
8696027
69290819
77678327
140556347
88206259
83670006
43200367
136437050
49494741
140400788
143363145
143371933
38150203
102464667
89911960
99974135
111218103
139135307
10025533
84100683
141617451
93225594
107719118
98239133
107806454
29404648
142367353
116701203
133925628
135620604
79590161
123831123
120760394
39901148
142830543
131060626
58399496
53529754
140284065
125752807
56914003
94898001
125412684
87882932
67925910
98759180
105245201
74121974
136424255
33445722
101421560
32574366
101998367
142532800
83158939
96675244
143273091
30980971
143174679
142250926
142084951
21662016
126539471
130428705
143491847
35762943
101511047
8696027
64128320
67640058
37616385
142577205
142496457
10275378
143481874
94392913
43979598
122983186
39047313
103961875
102122715
8937358
17826742
68903513
98625778
89911960
141338306
123408574
26172346
143186933
143340665
109866616
1264702
125394200
25060700
124858972
121628021
102892569
56954492
119660981
42258986
100563723
43306752
14134094
37653161
100816172
18495983
141711708
128492860
32372884
111988777
143486781
31280151
107314748
142830543
128036807
91925879
102652906
58363226
137058118
23207781
118841315
82152279
20348400
103171398
129303285
24195554
143497556
142243893
143274544
63732276
106149357
17147629
141176541
126803093
142681836
133446232
110734419
142792274
136980548
134737107
34006643
23989950
45571984
105910326
143474384
44812018
106531358
56718106
104943882
68327620
143198631
143239625
143349014
105484672
32641487
109615444
83786343
143497945
138667261
122180067
65310085
93509282
22171429
39704028
142772845
31438782
43028151
95179099
122279331
104093300
143488832
2583824
124499045
143472962
32095820
143406864
113262720
32746790
135650911
61703866
128019185
2959817
142154514
96928022
143455078
69969516
121664556
8132814
28083699
143348968
134912229
140772666
37717379
68715533
90870271
29441273
94462403
32461637
93381131
10199500
128960868
15196237
14361512
122983186
143492374
133925011
17878353
65234045
9181434
142028286
141789278
131433829
140403088
88009548
29413580
32928687
143373849
99051465
139623332
142821761
22917568
113726161
128480615
141691786
70768324
134518355
549397
142419270
56888208
139774234
133450272
122671665
139366471
142179481
29225812
18171608
31370458
136576459
94622340
141871016
99567225
143486781
104073569
133530823
143176782
138519851
128654323
10554191
64873617
143268547
54588471
97025811
143347299
118580264
97449952
133095260
120288146
80827389
40968344
126522982
110850141
20861109
48660732
97577733
142008947
47432879
141572439
125856193
89911960
45145753
375914
101525168
10876735
87549335
334011
143485059
133084072
2101871
126937011
43166346
142891067
140617176
143310822
103995630
5954266
109013739
89222156
141813532
84596981
48872572
89240493
133716475
100384867
130888337
50035910
122165554
14947843
143070191
143267394
140381477
11165902
143495721
110791472
142367092
52452367
85299387
142776216
127219795
78669434
45748024
119271502
136167469
139862172
117569033
132653478
131620426
32678862
122316183
66543176
7086432
67408115
45748024
141506214
137700053
143007044
107954432
28945221
46567940
143494940
128654323
137445096
35638048
141082196
139002552
136823675
105759611
24968868
117339083
75814313
111976115
90014876
129404264
143255533
102863162
110191830
20512632
114735608
142285623
134935982
17876827
42652444
8616276
143341796
135429312
134838052
128019185
143256857
134413641
143498943
143267394
143109366
88147230
134654848
129688003
135342976
91505428
122534196
139703246
133346077
120279489
123595986
143478368
9437888
9821238
3656676
142920341
133925011
34059193
143369461
138925055
142767988
118139003
136266149
34739310
6927646
138349686
142995734
142668868
45748024
29319487
125320467
131472003
75984927
19216734
19168499
143415597
45836103
45504781
89911960
33840167
13083859
142771500
82640051
107324553
143430023
142875832
140796696
45560372
44254163
5295290
29475532
139076751
143397329
143318788
141931402
13946718
10810953
52240823
134674305
5609980
97702269
118876175
35921870
105856519
25556922
38780501
41880280
130041611
52036169
74996150
122389985
90776913
91669201
93573206
143486267
141099824
141198367
102293783
94700801
112126160
99565450
143244483
143496744
33495967
59998089
119560342
97579662
140401467
1234206
109667184
136711070
141849623
99684141
33034857
40067354
141809614
25390560
132487551
45748024
134799531
43873812
112375177
133086791
4277647
105794692
49592167
27252575
127329321
89285470
141976401
72918606
85577788
123533421
131332131
97019080
135853228
127085563
129192405
11840133
143498939
116908179
124487332
123023960
84100683
139648176
89911960
137507894
80053339
134128951
28716148
123057689
143072943
143410233
5315321
142923612
75473326
52273382
74996150
78989676
108111502
86492847
79426976
133925011
47432879
122290772
143494953
37804324
2851724
142308688
134746682
143425780
101156081
142098857
10518784
102385894
107964694
137375107
56937373
3564003
142672478
143214811
114276036
121741916
24094121
142771500
12761762
64689562
129634446
31681886
129102012
129817748
14588166
22094227
15251496
129713460
8521867
78243275
46463175
31888157
59980772
103477061
83670006
19931455
136025120
134259835
136421115
143363132
117340072
61068099
11083540
129298564
123082465
61626568
136461533
110333322
90836691
49410623
125569772
242720
47450204
40408570
48660732
111671244
99840624
143406864
127423220
12264324
91288010
125412684
62938273
100673680
22488488
58668936
143322748
13602233
142839797
49812093
47432879
55992260
142857616
107271018
63543376
58926195
84992558
98329551
18546718
33137074
134115667
131294282
7076599
59056863
110607460
74996150
143382691
72922591
110323737
137238845
140477298
7662926
106941582
51475162
143158261
98573729
6188580
143498268
143396586
90395673
132458116
45145753
41098347
1284793
131062584
80674413
65071917
138774096
134899094
140138838
131110581
141015317
142357846
103171398
48660732
139266532
136965464
41842691
143485216
41324746
19898276
143338159
70788460
90990131
11954560
89602567
143371013
110176099
142563929
143007044
41302074
105243157
143476910
140993170
81463326
53818970
113889851
142357846
79952606
28325932
10906803
70903068
68693137
88939126
133203477
105103219
18527710
79767386
41392557
32273486
32897661
27539545
138227128
83087986
58525018
105833908
111243313
139419302
23911570
136025120
71539461
142154514
26558882
111920186
47432879
53552221
98700441
76991299
122177228
112685570
123329770
143417559
5099803
37569870
74996150
115454689
72663062
143470476
10178673
143157485
2342141
126614132
8184896
143467032
116682865
135921607
140336467
143420194
140811546
85523554
139500564
143288653
20280614
139995914
40642778
140119648
143459602
80928783
72855769
143492391
28325932
141251936
17145294
125231790
53411766
142827038
99567225
115625138
66328659
31280081
43835286
48808250
132375537
67055319
126592531
134277951
143496422
115996501
70491346
115719510
111523515
143484844
93407977
141129555
15702967
104518437
137783673
130669278
110629480
142231159
136025120
24707842
135388746
117952404
141199416
123248442
138589546
114508850
140385013
137355458
89133798
19952069
115516834
123590509
53936275
131969211
142854842
9262424
140951637
128096105
89993453
93573206
143323041
7519313
82567705
107433587
64670789
69361835
136025120
76345916
133120205
86184224
137626696
52136901
97689241
18794196
142745796
143498648
100986534
141897114
116670867
142722473
89842717
143414344
17153065
123150665
124858972
84864702
106780156
130930533
124930051
23513496
143458653
16607432
75814313
142506164
39692595
143498943
143300425
69557349
140192634
95468102
118841315
137669153
140618493
4589375
5021399
138370235
139461529
123650117
138117078
142240753
30394140
113738098
7271493
136610994
143007044
85831808
143013557
33725875
143459564
128306145
12717653
20730363
143497197
111427410
137684936
55902117
127208938
48660732
132772364
78952528
131628419
99994018
106664774
127447448
84238459
37747438
129688003
85012219
121671872
117352581
128701794
69209130
143498928
29407894
65622287
60670958
8259647
137264892
141976401
37555242
20341090
122009754
116922976
30910385
35819673
143151214
46620636
102507698
132200698
95892873
83696843
41609054
46997918
134891230
107923607
33925953
142839797
118745883
116782844
71062869
72448706
136904906
38758797
52839851
75419905
140012355
111188389
143214483
140259619
39198952
86255281
142491783
138371093
52036169
123612566
81283578
28325932
12377257
140867288
143498981
138857730
8551846
71783389
89166417
9202157
31372417
2124237
136473366
74050379
143486418
